[helping-hand.jpg]
filters=dir_tint=1,0.500000,0.500000,0.163743,0.250000,fffc262b;radblur=1,0.500000,0.500000,0.000000,0.000000;radsat=1,0.500000,0.500000,1.000000,0.000000;warm=1;finetune2=1,0.000000,0.221754,0.247018,00000000,-1.000000;crop64=1,2cdfffffde86;
crop=rect64(2cdfffffde86)
moddate=9fb409ae284cca01
width=1024
height=696
text=1;136;12;how i helped;GFY Otep;0.012845,0.195416,0.231596,6.283185;v1,4289014989,4290108510,128.000000,1.000000,0.500000,0.710938,700,1,49152;;
textactive=1
